0 0.777389 0.718031 0.444449 0.558778 0.0128279
0 0.6666 0.70373 0.666652 0.592541 0.0127771
0 0.689421 0.176888 0.616061 0.353776 0.0127303
0 0.533301 0.171704 0.89542 0.343407 0.0127004
0 0.0863155 0.160778 0.172631 0.318863 0.0126403
0 0.742055 0.591218 0.514931 0.817563 0.0126184
0 0.0883661 0.681327 0.176732 0.571762 0.0126157
0 0.268845 0.585496 0.532255 0.80768 0.0126112
0 0.188774 0.601585 0.374364 0.75911 0.0126049
0 0.0883345 0.287515 0.176669 0.567567 0.0126011
0 0.815161 0.640758 0.369542 0.682378 0.0125879
0 0.687414 0.907875 0.615476 0.184249 0.0125764
0 0.850039 0.176868 0.298213 0.353737 0.0125746
0 0.615246 0.62825 0.76772 0.743499 0.0125711
0 0.716892 0.77424 0.55996 0.451521 0.0125612
0 0.314522 0.745556 0.393705 0.485069 0.0125611
0 0.310914 0.812439 0.361531 0.354162 0.0125579
0 0.5707 0.817123 0.8586 0.357882 0.0125326
0 0.445085 0.592786 0.681776 0.790396 0.0125265
0 0.864583 0.762632 0.269311 0.464197 0.012522
0 0.557968 0.425275 0.866938 0.848842 0.0125148
0 0.794128 0.788086 0.408488 0.423828 0.0125008
0 0.686974 0.93632 0.608629 0.127359 0.0124957
0 0.0919622 0.774225 0.183924 0.434532 0.0124901
0 0.862711 0.659936 0.272805 0.630875 0.0124853
0 0.525537 0.285163 0.943993 0.570327 0.0124824
0 0.911681 0.717645 0.176244 0.55582 0.0124803
0 0.561613 0.380414 0.812265 0.501598 0.0124613
0 0.559812 0.131686 0.815719 0.263372 0.0124455
0 0.780103 0.937406 0.437556 0.125188 0.0124168
0 0.50818 0.742577 0.755428 0.492168 0.0124014
0 0.236334 0.67399 0.470001 0.625326 0.0123907
0 0.919211 0.179249 0.160625 0.358499 0.0123901
0 0.242772 0.123423 0.482125 0.246846 0.0123868
0 0.251621 0.779357 0.497325 0.419363 0.012366
0 0.100906 0.869158 0.201812 0.258538 0.012363
0 0.613847 0.890744 0.734619 0.218512 0.01236
0 0.5728 0.956399 0.820657 0.0872018 0.0123506
0 0.386468 0.836857 0.481525 0.315693 0.0123278
0 0.738079 0.83321 0.517962 0.33358 0.0123256
0 0.591119 0.280448 0.752252 0.33688 0.0123209
0 0.315134 0.329616 0.603667 0.659231 0.0123025
0 0.902363 0.624145 0.195274 0.593979 0.0122938
0 0.329952 0.426994 0.344237 0.476479 0.0122909
0 0.119469 0.925951 0.238939 0.148099 0.012284
0 0.779757 0.179586 0.433079 0.359171 0.0122785
0 0.903738 0.35216 0.192319 0.702503 0.0122734
0 0.0787796 0.528458 0.157559 0.79589 0.0122598
0 0.735322 0.399975 0.527934 0.798534 0.012258
0 0.816187 0.457384 0.367016 0.908997 0.0122516
0 0.0882255 0.554914 0.174607 0.553113 0.0122402
0 0.359858 0.120629 0.433558 0.241257 0.01224
0 0.886601 0.467807 0.226797 0.914476 0.0122384
0 0.459899 0.492937 0.857748 0.907924 0.0122382
0 0.362396 0.135356 0.653864 0.270711 0.0122338
0 0.455918 0.120432 0.617004 0.240863 0.0122266
0 0.86048 0.557943 0.275987 0.472199 0.0122266
0 0.148122 0.937099 0.292626 0.125803 0.0122251
0 0.881181 0.898899 0.237637 0.202203 0.0122213
0 0.662701 0.50031 0.673926 0.999379 0.0122181
0 0.62339 0.411009 0.720385 0.65934 0.0122032
0 0.167402 0.359609 0.319767 0.700403 0.0121733
0 0.327977 0.491039 0.6479 0.958187 0.0121349
0 0.220622 0.884366 0.437199 0.228888 0.0121336
0 0.387238 0.57743 0.452803 0.833932 0.0121289
0 0.44819 0.484534 0.642537 0.647408 0.0121163
0 0.441095 0.374426 0.790314 0.744961 0.0121069
0 0.0986381 0.400902 0.191071 0.77705 0.0120682
0 0.809754 0.481644 0.379869 0.610456 0.0120426
0 0.157569 0.841306 0.312097 0.306352 0.0120241
0 0.761849 0.428015 0.470735 0.58215 0.0119356
0 0.36816 0.441267 0.417286 0.570978 0.0117632
